100 9 99 57 57 -64 -73 -75 -59 -88 -82 26 29 -7 8 -59 52 0 -15 44 13 51 -53 73 48 71 12 -38 74 -16 -17 76 -54 -10 81 -5 -6 73 15 82 34 76 15 -9 35 9 -86 -64 -88 56 14 26 70 55 9 -13 -87 55 -32 55 -4 84 26 -47 -100 -21 38 -41 69 22 -98 86 -44 64 4 -37 -100 -13 -78 64 -3 95 5 -47 70 43 -83 -2 -72 -80 52 18 -33 -5 98 100 78 -94 -35 85 -60
-75 16 -42 80 -81 51 99 -56 65 43 59 -44 96 98 69 42 -56 62 -87 29 41 -11 68 -82 -17 -31 60 -87 -88 41 -92 -65 -9 -60 -81 88 14 -95 -22 -40 -25 -41 -75 -82 -88 21 -80 91 37 -73 -71 -71 29 41 -54 -11 -17 -21 -82 23 62 -35 -82 -35 -89 72 -85 39 -3 63 30 43 48 -45 12 -92 -25 94 68 -74 43 43 15 44 16 -68 79 20 52 -26 55 42 -65 -10 27 -79 69 -45 63 -87
-64 -31 1 31 -99 -50 -51 -36 5 -16 -39 -73 37 72 50 -15 10 7 -69 -43 31 -46 72 46 -36 -70 25 83 -3 95 39 63 -63 28 56 -47 59 91 20 36 -7 -39 68 -75 34 -78 14 84 97 -47 -69 -30 -38 71 -70 86 -82 74 8 -30 91 -46 58 -41 -52 -46 7 18 -92 85 -38 -12 11 -61 -16 13 36 43 -90 -69 49 -15 -25 -97 19 -90 83 42 -78 2 77 14 42 -57 -30 -38 -25 -90 99 -60
-9 -98 -49 45 -86 -22 17 -63 23 -76 45 18 -15 -98 32 -47 28 -5 -47 68 1 -38 82 40 -1 -54 40 30 -4 -58 -20 -59 -81 -65 -3 -51 -65 47 11 40 20 -16 -12 -5 -34 -73 -27 47 -99 79 -2 53 63 -45 8 -61 -91 -69 2 48 52 -3 -5 77 77 65 -66 30 -53 -81 27 56 -77 -31 94 65 38 97 11 73 -42 26 -39 -32 -41 -100 93 30 72 -73 -36 21 -16 30 -29 -93 -6 -13 -1 98
-1 -33 -11 -38 -100 -68 -24 -24 -6 -76 -32 14 81 -3 -46 -96 74 -4 -68 -53 -18 58 98 -48 39 55 -85 51 -40 -53 37 -95 -1 -31 -8 45 47 -82 35 -77 76 -64 43 15 -21 -6 -12 -76 64 23 95 4 -84 61 -43 -87 -53 -1 -33 -80 51 10 -96 57 99 5 21 -90 -62 0 -53 -93 -74 50 84 19 74 -92 89 53 93 -27 43 -7 -34 55 -95 -2 -22 51 28 65 52 92 -81 -95 -77 -73 56 99
99 -4 99 97 -19 4 99 -28 12 10 -45 -29 -42 77 -37 36 91 -79 -89 22 -2 85 -7 -66 0 -24 -85 -89 0 -40 -67 -51 29 98 -28 -50 -18 -50 -90 96 50 48 -7 -66 -37 -87 -38 -39 11 88 65 -56 21 -73 -83 -64 -63 74 -2 95 20 -34 -81 95 66 69 -29 -79 67 -64 -95 31 67 73 -88 -12 -10 40 -26 59 -24 1 94 -37 -8 -93 3 -20 -7 -84 46 22 -37 37 4 48 -57 -62 -32 -30
33 -80 -48 -54 62 -89 -97 -49 -76 84 -34 28 -67 -38 19 78 -31 87 -60 90 -30 -83 -97 -8 62 -30 74 -2 -41 -97 -11 -12 -77 14 56 -55 -87 91 11 -43 28 96 -54 65 60 -43 -47 -61 -48 66 -27 -20 -21 -98 67 -60 14 5 27 18 27 -13 -73 62 35 -12 -20 34 -30 82 5 30 -64 -67 20 -67 59 -84 64 41 14 1 42 42 68 -70 -15 94 -90 83 -71 -62 -32 -6 55 -84 34 -3 18 90
93 -6 25 -27 76 20 -43 37 -54 11 53 -69 -100 82 -38 53 -87 79 27 18 69 -88 -90 -26 64 -75 -93 -54 -55 47 -63 -39 -83 59 -23 88 -22 60 26 82 30 11 14 -43 -4 100 -62 31 46 45 95 -55 34 72 -75 -67 -7 -72 -26 57 -88 1 11 -85 -36 -27 4 -72 -27 89 79 -40 -64 3 26 -60 -71 70 16 76 3 -22 -47 68 10 28 19 23 88 25 60 95 84 45 -45 -33 83 -38 13 75
29 55 -82 -47 -46 -58 49 39 -59 72 76 -66 -53 -32 -44 -15 75 -86 -38 -23 -55 -70 70 42 35 -79 -12 -21 20 44 79 -16 97 98 -51 3 -13 28 92 -88 6 27 -88 34 67 -44 -50 -34 -7 67 14 -73 85 68 47 -45 75 -66 94 -21 3 -24 24 -30 33 29 89 59 91 33 73 -26 13 75 -86 -44 8 29 -99 -21 -52 -45 92 -65 -73 35 14 92 -40 -82 74 -43 -23 -75 5 13 -76 35 34 33
22 -97 -66 -74 -82 28 51 88 62 45 92 40 23 -3 74 -58 92 -47 -71 3 -82 85 -9 77 -54 -53 -8 -85 40 -36 34 -19 79 94 -88 -50 57 -60 -86 -92 -69 65 -84 -100 -70 13 31 32 92 -70 87 33 21 -60 -21 54 -55 -38 95 82 -56 -56 -22 72 88 -11 -4 -17 99 -83 -49 -5 -63 -2 -93 -66 -47 -35 48 -33 -32 4 98 100 99 -55 74 83 83 4 26 29 -9 21 -88 99 40 42 9 43
-99 -22 -99 30 -57 29 57 -79 -99 30 75 74 -16 -68 60 -71 98 67 -65 36 -94 36 90 57 60 -24 46 76 96 -49 -67 -99 79 60 -4 99 41 20 83 61 -45 23 49 -75 -47 -66 49 61 17 -54 33 11 26 8 4 76 -36 76 -51 -31 28 17 -97 16 -15 79 71 -37 67 -12 -17 -18 100 30 -55 -62 63 86 -86 -20 -73 -38 76 -99 -67 -26 23 2 30 -100 -1 -83 -65 44 26 31 -45 -73 -71 95
89 -12 -64 -86 86 -84 -71 53 91 -25 81 89 -15 21 -44 -69 75 76 -55 -65 40 -74 -5 32 -70 4 -15 37 -94 -87 -84 50 63 -59 -35 -25 65 -37 85 87 4 9 92 -60 35 89 91 -7 -72 -7 65 -76 34 -19 -30 61 -48 -3 97 25 -88 84 -13 29 -93 -93 2 57 -25 -53 -73 -5 -13 45 -28 24 -11 65 -35 -7 -95 -22 -100 17 3 -87 -99 86 24 -56 -51 66 92 39 -53 2 -25 -79 -28 -47
6 33 67 41 11 77 32 -81 -47 -35 -54 41 87 61 1 -19 -18 62 23 3 85 -70 25 70 92 -8 -59 -47 -19 -18 82 -99 -100 96 -58 31 -60 -61 42 40 -56 66 -55 55 -76 41 21 49 -57 -9 -19 96 -81 2 88 36 -28 -93 -50 54 36 -87 27 -30 39 32 -59 -36 41 59 -94 -59 -61 50 42 78 -36 -94 46 84 33 3 -62 -77 -61 -93 67 6 92 -77 77 88 73 75 7 -26 4 -48 -89 -63
-53 -38 -13 -89 91 -30 -16 -2 -2 28 -12 -85 96 82 -20 46 98 -94 60 -100 -82 -41 76 44 56 -69 74 -3 45 93 -66 -55 2 -39 -92 6 -79 -32 96 52 -93 38 -12 45 39 5 -94 -29 57 28 11 -97 63 73 -49 27 -30 33 -89 -11 0 60 88 73 -89 68 -47 44 -75 -24 86 -85 96 53 -17 70 99 49 -75 83 77 -30 -72 -40 45 73 86 -71 27 40 64 60 -68 -89 54 -20 -47 80 -66 32
-89 -42 84 14 47 -21 44 93 -17 -63 29 17 26 11 -100 61 37 58 16 70 84 5 -86 -87 -49 83 -86 -34 -49 4 -45 88 -94 57 -68 20 72 -100 -85 12 45 -66 -53 53 -90 16 -43 -18 50 -95 1 -88 -23 22 -38 -70 -56 -3 -25 4 -36 12 -9 68 97 43 -75 -51 -40 -5 35 -33 27 7 -72 -64 35 82 51 -30 86 43 48 80 -69 -42 50 38 -8 -37 37 -36 -51 -56 -84 48 79 47 -62 38
-41 -41 20 -68 70 44 -76 -48 7 -95 -16 78 -8 22 -46 60 -78 -31 -86 59 -77 -64 35 -80 -90 -27 -87 23 6 24 58 16 97 -18 -12 74 11 -91 -72 -30 99 10 -22 59 33 10 -22 -45 -62 56 31 41 -61 -75 57 69 80 56 -98 -48 64 -19 -14 62 -21 -55 10 -98 63 63 98 34 40 -54 -46 92 -16 -10 -98 -11 -29 -68 76 -41 -68 85 -29 6 -50 -49 -9 -95 -69 50 41 75 0 -98 68 -24
-31 97 -53 48 -56 -52 13 50 -36 -79 63 -81 -74 97 40 -41 -28 -30 47 -76 -76 -8 100 -4 -83 3 -11 10 66 -41 -78 0 -4 -98 -17 83 -13 78 61 -61 73 -23 -100 38 8 71 -90 -92 61 37 85 -33 92 -27 -26 17 -88 87 2 93 99 7 78 51 -85 99 -35 18 8 62 22 30 98 -63 -74 -61 -62 57 -68 92 -41 -79 5 -35 -89 -57 -62 -90 25 -36 -94 89 -54 99 -3 78 -58 40 26 -7
7 96 -13 0 -31 -67 -18 38 -57 -2 100 83 94 50 72 37 -5 24 -76 -39 28 84 40 -45 60 -35 -66 -48 43 -23 6 -16 11 -4 -3 -36 -33 -33 -49 -11 -91 31 52 -42 -77 68 41 90 24 8 75 78 -71 93 31 -25 68 -39 86 -28 -10 33 87 85 -96 27 83 32 60 9 -49 51 52 97 84 89 -42 -100 -37 -73 -87 44 -83 40 -70 27 -73 21 95 -88 7 76 -54 -14 -100 -4 48 28 86 49
-18 48 -84 82 47 12 -97 66 -90 -66 -64 -27 -30 94 -48 -60 58 17 85 -99 53 31 -28 17 82 68 -72 -29 42 73 -76 -74 70 70 -10 6 76 -52 -9 47 93 1 -40 -8 58 15 -23 3 -94 -53 -34 -90 52 -5 96 46 -63 64 63 18 -36 69 -48 76 5 100 74 -49 -27 22 -50 -42 -82 86 -87 54 -98 -99 -96 98 32 -45 6 -97 14 11 -43 79 34 68 -56 -32 93 74 9 -52 -2 5 -7 24
-70 17 87 -11 -41 -34 29 -51 67 -57 46 20 48 83 -14 33 3 -35 71 61 -46 53 52 -51 -43 67 51 88 77 -33 45 16 -32 95 57 -95 -35 16 -74 3 -29 41 19 -84 85 -39 -79 -59 -15 92 -42 22 -74 70 30 47 64 -42 -39 29 27 -78 10 -21 -3 49 -77 -6 -49 53 -48 -30 -6 -13 -23 10 -73 -10 -66 -78 -24 94 72 -41 47 -8 15 -15 -27 -55 0 -27 92 42 42 -31 -48 44 -17 23
-72 13 -77 81 5 71 5 93 -2 45 93 87 -61 93 85 -90 -63 -84 87 18 -57 60 -32 -36 -3 65 -2 87 -76 -26 12 42 75 95 -94 -58 7 19 9 2 -52 65 -41 -1 -56 34 -14 -38 -52 -12 20 -95 -54 75 68 11 -61 36 65 -27 58 -14 -10 10 -93 -44 -78 -58 34 -85 -67 -92 -28 -63 -62 -76 -56 -83 -85 92 5 -65 43 79 -23 -99 -8 52 -4 -62 96 -51 -1 75 51 -20 -18 84 81 -41
-75 -9 -84 -37 -15 -65 -53 35 -67 -1 12 52 -63 57 72 -75 69 -77 83 -12 -7 20 -54 21 -89 -16 -95 -77 -42 37 45 -51 5 10 7 -43 19 -83 18 7 31 -38 43 -23 -51 -1 -2 -22 90 40 -57 -9 -69 26 17 -35 29 -40 -67 -72 74 9 -10 80 -74 26 -45 -50 37 -42 40 -71 53 -23 88 -35 -2 -47 9 -30 15 97 36 46 91 -94 -9 -92 -94 91 -91 -11 30 -36 -40 59 76 -18 -47 -89
-24 24 -48 -14 94 -97 7 90 -86 -93 -24 85 -29 -43 86 -69 13 52 -46 55 -9 -47 -91 30 98 -3 23 56 27 55 94 -62 -37 -22 14 11 -73 -67 14 -69 16 24 98 86 -65 12 -91 -38 -52 -91 -77 32 -49 -74 81 -70 -28 43 95 -60 -15 -63 47 -32 2 -3 13 5 45 -7 -96 -26 92 75 -25 56 20 98 22 -26 -40 -93 -24 -87 -62 12 -18 -58 -37 65 -81 -36 42 97 -38 -88 51 -64 -59 -44
-63 -83 28 -18 24 77 37 67 -38 78 98 -48 64 -37 77 53 58 5 64 60 -18 3 30 24 61 -46 28 -96 69 84 -78 -50 -26 -18 -99 65 100 -44 83 48 70 24 69 -75 82 -56 70 -66 -15 -18 -7 -89 -55 -46 40 -62 -46 -78 -1 82 84 12 -61 -74 -32 -99 50 98 78 6 100 -85 -18 -46 17 -45 28 -60 58 16 -8 -75 89 38 -58 -42 -36 -47 -90 -58 -68 22 2 -28 -10 4 -32 -85 68 87
79 -41 -82 -12 44 -83 -90 70 1 -21 80 -55 54 47 24 -93 -65 -99 -72 -50 83 -95 -26 -80 16 7 74 -60 81 -60 -20 97 -69 -38 -65 -66 1 -70 44 63 -63 93 -8 -82 14 24 -93 -7 71 -94 -5 -73 4 -72 -70 -38 81 13 -40 50 17 75 65 23 -55 -16 -19 -80 -13 -16 -39 21 32 69 -6 80 -45 62 -2 -14 -81 -95 53 28 95 67 -5 24 42 -92 41 51 -26 -86 69 -31 -86 70 96 46
40 -93 -20 -53 -6 -77 47 10 99 2 83 -89 -23 88 46 11 -23 92 -67 -70 47 -47 -53 53 50 80 89 -41 8 42 -67 -80 -25 81 -41 -69 -56 -97 -41 63 -71 -63 89 -35 40 65 86 37 100 94 76 42 -1 -28 8 -22 26 38 54 -57 -98 -65 56 73 -50 -62 -32 28 -52 -62 61 32 75 93 -3 -11 68 -21 0 42 -12 -37 -99 -88 -97 -35 -10 83 -66 38 100 81 53 -59 -44 46 63 -47 -1 -1
84 19 97 41 17 -61 76 13 83 32 54 84 -85 86 -84 -8 88 79 -32 -67 -41 30 20 12 -46 -65 6 98 -90 -30 66 -60 -24 -46 51 -83 78 76 -90 -75 22 41 11 -59 58 -34 -61 -74 -5 -24 -51 87 59 92 -65 86 -7 -99 68 -17 -19 -47 -4 1 16 63 61 41 85 -66 10 24 5 93 100 -27 97 6 48 -44 -48 80 -58 43 28 -5 15 -12 91 -100 -87 2 19 94 84 1 -99 19 -80 39
-97 69 -35 -70 89 -20 -24 19 93 3 -51 -44 32 97 -84 66 -100 60 -29 8 -53 3 26 11 -33 -43 -80 -83 -72 79 -21 35 -17 -94 -28 -32 -46 55 51 6 -14 -88 46 -75 -76 45 -85 -63 -6 59 82 62 19 1 -70 32 -62 13 -36 -28 -73 -81 24 -64 50 73 62 28 31 9 -10 5 -9 23 36 -7 -48 39 54 -36 79 -87 98 96 -9 -48 25 -23 -83 19 -45 10 7 -81 89 80 -57 100 77 -7
29 -42 -82 -14 17 52 11 -29 -28 73 98 -18 -72 -95 37 -80 -16 -94 68 -20 62 55 26 -59 91 -88 68 -32 46 -54 -81 -12 -69 29 67 -78 -11 24 15 -60 -61 36 -9 97 45 20 90 -18 -97 -52 10 -36 -61 49 73 -20 -15 -62 32 -4 -86 68 -1 -64 0 -3 96 40 -80 21 38 55 -16 47 43 89 -33 -59 97 14 -57 -3 7 -22 -94 99 16 9 -66 -40 -85 -97 -37 -65 14 62 -56 -8 53 20
38 98 -23 1 41 -39 -66 -7 -81 68 49 -10 49 82 -28 -75 -36 -94 21 -59 40 66 71 74 91 14 -30 -21 -47 64 70 98 -92 -70 -51 98 -95 -57 -26 31 75 -67 -69 88 -38 28 8 -46 40 75 -45 -70 -12 -28 45 21 80 80 19 -82 68 -25 -71 84 82 -6 75 -52 -78 -32 -75 71 67 -32 74 -81 58 -82 -12 29 -39 -35 93 62 -64 -18 22 -33 -1 -24 -29 20 67 -19 -42 -55 -99 5 -60 -54
5 -62 -71 -10 76 -4 -56 54 -61 -13 -8 17 -14 -86 37 45 -48 -60 -35 21 -9 -6 -42 61 -4 -8 -57 -57 -31 -72 -27 -56 5 -82 -4 22 52 -43 63 11 -79 -87 -92 -67 98 67 69 28 -93 41 -8 -87 48 -99 -52 96 50 -12 -12 -91 -41 48 -2 85 13 -38 -64 -95 79 -88 55 -33 12 -46 81 17 87 -61 88 83 38 84 -52 -3 51 16 -40 -54 -55 -42 -86 2 78 39 -16 -80 -97 39 42 -22
67 -70 98 24 -37 -28 -29 -89 100 4 -40 -97 -98 78 -21 -21 -90 35 -51 41 46 87 -12 -35 -97 88 42 97 60 -18 -22 7 -19 50 43 -90 91 -47 -9 87 -75 57 -40 42 39 -36 14 -22 36 -97 -75 -98 -60 48 -60 0 40 -93 25 -57 61 -25 75 2 18 -46 29 -23 -89 58 -9 -62 22 52 34 96 74 87 -19 -44 26 -1 -50 -7 -78 11 93 35 73 -14 77 -98 -77 -68 96 15 77 -99 28 24
-56 60 96 30 85 62 -22 93 10 74 -49 47 68 -96 -8 -77 11 -52 -62 -40 38 -89 58 -29 -59 45 -68 98 55 -69 -49 33 7 52 39 -76 69 40 63 56 89 -75 19 -11 86 75 -7 -15 -37 -34 51 -25 -63 50 -94 -3 70 -88 61 71 -41 -52 -26 -28 -45 -28 60 100 94 -56 40 72 -51 89 22 -91 -45 7 -12 -43 32 98 -96 26 1 -23 -8 75 -98 -71 -10 60 -74 -77 21 51 -22 95 62 -83
48 36 -54 36 27 72 85 41 90 38 -99 93 -49 91 -55 35 -10 33 -95 -11 -90 36 -90 -58 24 -44 83 -15 51 94 -53 23 26 76 -95 -30 -10 30 56 -40 -100 -70 87 97 -20 76 42 -53 14 -23 -70 -11 -92 -32 -31 38 89 56 -75 57 90 12 -11 62 71 -57 44 81 63 -62 -48 -61 -72 24 6 80 23 -53 -7 -82 20 -41 -37 49 70 49 -5 25 95 37 78 -72 -98 -42 -27 -34 -8 22 69 68
-89 45 -84 31 22 14 -64 -63 4 74 48 -83 79 44 98 -26 16 -68 -100 67 65 84 71 2 -83 46 100 18 15 86 86 -26 -70 -31 -43 82 83 60 -77 80 77 80 4 -4 21 -91 -30 3 3 -45 3 -31 60 -94 -40 86 -4 -34 -34 -67 59 -41 -20 48 86 0 -10 59 -77 17 -34 1 -94 -82 1 77 -92 -83 -93 61 -59 -4 84 -71 53 -7 -48 25 -31 -94 21 -4 49 87 -69 -88 16 66 -66 64
28 47 -89 63 -57 72 -78 -33 -97 -67 3 1 -43 52 68 -64 -68 -51 -34 48 37 -19 -6 -30 8 -41 -88 45 82 70 54 -74 88 -40 -82 -25 53 -98 96 90 90 36 -15 21 41 46 9 87 -73 -27 79 -8 -75 75 41 76 -78 -25 87 -71 -54 52 32 28 -21 22 26 7 -90 -50 -80 22 -18 83 97 -98 92 59 -87 -63 -36 -17 -72 -6 -1 -67 86 -5 17 -23 31 -33 47 87 -42 59 56 -64 -42 -79
54 14 3 14 -33 -78 69 20 -81 92 -75 -22 78 -60 -42 30 -33 22 -65 6 -53 85 27 -75 -41 -11 -69 18 -18 77 -22 -73 -100 54 94 3 18 -17 -20 -27 -25 -7 -11 -85 8 -34 91 -93 13 -43 -19 -24 23 -68 0 2 -100 52 36 35 84 -91 -67 -92 78 -91 -36 67 -47 -30 4 -10 -100 18 -72 -78 48 -40 44 -55 -28 97 46 -41 21 -39 -8 -82 -52 98 -13 -46 78 15 52 -3 -81 -40 35 38
-66 18 93 -54 -100 -21 73 51 56 86 -34 49 25 -21 67 37 -14 -44 53 -65 -65 -64 76 -47 33 -43 -40 -30 -40 -3 0 -78 -8 -46 53 -87 -66 -90 62 -75 -55 32 30 -5 -73 -8 -55 34 -85 86 34 -92 -91 48 -42 -9 2 95 14 -12 -84 -29 -70 -78 -25 -20 76 11 35 63 84 31 79 83 -76 64 68 -48 85 -20 -34 16 53 30 -33 -27 59 -31 -45 47 45 -71 54 -49 4 77 45 -23 59 9
66 69 -86 97 76 6 38 7 -42 99 32 -41 -28 99 50 -50 -65 64 69 83 77 77 -27 -21 95 93 -35 21 -44 -66 42 90 -19 100 34 -37 83 -50 -62 53 -59 -37 -9 10 79 -65 -33 34 -38 37 93 -34 59 17 -1 51 70 76 -20 65 73 -3 71 56 -55 67 -53 -42 -57 -5 79 28 100 -64 91 -25 51 -47 1 95 -9 -31 -31 -15 71 86 -78 -72 2 49 -67 90 -2 -3 39 8 -5 10 -98 -93
48 -55 50 14 -41 34 100 75 -20 -98 -30 46 -93 34 43 45 96 74 12 99 35 -39 -79 83 91 -35 35 -3 -70 -32 -63 -86 -96 81 -3 69 -9 -78 39 6 -38 -86 -93 -16 13 50 42 58 55 36 12 -53 22 84 68 4 -74 -50 -88 79 82 -83 19 62 46 63 2 -94 -18 -87 -86 -6 -91 38 38 87 -26 36 -38 95 52 30 -11 2 -41 -30 -28 -28 -37 -78 -53 -88 99 71 57 27 72 60 70 -91
-68 -37 87 -50 22 43 -19 11 -98 43 1 -39 75 -3 65 -26 -34 98 -54 -33 -75 44 80 34 -35 -70 -63 36 -35 -22 40 73 -51 73 -93 45 39 1 38 64 -26 -5 42 53 100 -90 0 85 74 2 17 49 84 31 83 81 1 -80 61 -22 -96 -85 -75 98 -30 -63 68 -51 -30 -84 61 44 38 46 -73 -39 84 -75 -43 -11 60 -41 49 -23 42 -82 -17 -31 19 52 -95 88 58 72 33 26 49 78 37 26
-13 -13 79 82 -87 -16 -30 26 -30 0 -18 -64 -63 -20 -29 -40 -53 37 39 92 59 -38 -40 -96 68 -30 95 -58 -65 -67 -60 18 -49 90 -96 -24 40 95 86 -44 1 31 34 -81 -69 -29 -86 24 90 21 -88 58 55 -92 -2 78 94 65 70 -22 13 34 99 86 37 -82 -42 25 -89 -80 83 -16 41 -73 -47 -98 42 -62 83 -89 35 8 -32 -63 31 -89 -84 -25 -25 -75 92 77 -53 21 36 -95 -48 59 -17 -14
-93 -59 -62 -17 -57 70 26 59 63 69 -92 -98 46 56 84 47 4 -88 5 -13 65 62 60 48 5 -86 52 50 95 6 -57 47 93 -35 -30 61 83 48 -26 -92 -11 45 53 -54 83 -40 -80 68 90 -42 -22 99 22 -56 -41 -17 -63 -23 7 75 -57 39 34 1 95 61 -45 91 81 -25 -21 49 -82 73 72 27 31 -45 69 -31 -11 78 9 27 41 87 -22 -57 -70 -9 45 52 40 -40 91 -39 31 11 -56 25
-86 40 12 -44 12 47 -57 -86 75 -11 -100 77 93 -79 -79 51 -73 -79 -17 41 -33 9 -13 16 75 34 -19 52 35 -16 -81 13 -53 16 -18 54 3 -98 100 -76 32 -85 51 -81 72 96 85 -32 -82 61 -98 85 95 -98 46 -76 91 -81 -27 77 -23 37 -32 -59 19 -16 0 60 -36 -3 -73 -38 82 -80 -16 -10 80 0 -84 91 63 -23 -27 66 15 31 -50 -15 -83 -78 -38 -73 94 -67 -91 81 -22 -44 58 98
-58 36 -53 -100 -54 96 -30 27 74 32 -28 15 -45 33 90 41 -8 97 56 82 34 -99 -93 -17 37 -32 9 -4 20 -51 48 -42 78 17 70 -91 5 -27 -5 -85 60 38 20 -94 4 67 -77 51 25 -84 97 87 51 3 41 16 -89 54 17 26 -57 33 -50 65 -92 19 18 79 17 -42 -2 63 35 -50 10 -31 34 -48 82 37 -2 -36 52 -65 50 -39 66 83 85 -8 45 -29 -81 -40 -33 -35 97 -29 6 -82
-80 -5 24 40 89 89 53 0 -41 -70 96 -78 74 -79 24 -97 21 -10 19 -25 -100 -9 -60 100 -88 74 -71 59 86 -28 -68 -18 -48 -56 61 59 -16 -78 -62 70 -22 78 -39 -71 -84 33 53 17 -21 -55 -93 99 -18 -54 9 78 45 94 32 58 -26 -51 100 60 57 -32 -98 79 -67 98 10 99 81 71 -100 33 29 9 -23 0 -61 -57 -16 -6 59 -57 27 -84 -12 93 8 -88 -33 61 59 -76 -46 36 -61 42
-1 97 -4 -54 -58 6 -80 -63 -66 -45 -22 -27 73 -90 -33 92 70 -73 55 94 -48 76 -16 65 -34 -13 12 -95 83 -14 -55 -92 96 67 -69 4 -38 -56 -100 -22 4 -63 -13 19 65 27 26 -51 -89 5 87 -40 -41 -47 -83 99 -46 -18 17 -83 89 -60 -8 17 -68 25 65 -24 99 -84 -69 90 62 33 -34 100 -74 65 89 49 -17 82 -98 -62 80 56 94 -52 70 -21 47 -92 -69 93 -10 7 -67 -42 93 -64
32 -58 12 52 94 -61 83 5 -69 -9 31 0 -100 28 16 -32 -72 -2 -56 38 -90 -87 -28 -53 -10 -9 59 -91 -74 42 51 78 -60 -73 -97 -97 -58 -43 0 -65 -40 84 8 54 55 -97 34 81 58 73 97 37 26 51 -7 83 -90 -7 -27 92 -71 25 -85 -77 -47 -28 82 74 78 -89 99 -68 -16 88 -37 50 67 -41 100 63 -95 66 -87 44 -37 0 55 -68 72 -71 74 50 -32 -58 -29 -14 -22 25 60 42
-22 -33 43 34 -83 -95 -76 -49 86 47 7 -77 10 4 43 34 65 -20 100 67 -42 -94 -71 -9 53 13 -54 97 -7 -46 19 -65 18 9 46 -48 65 -30 92 -88 -88 17 -71 -88 -53 78 -59 5 -72 -42 97 -93 -18 -6 66 91 -30 -58 -44 75 23 -71 -15 -79 39 -43 62 71 -44 44 -88 -11 62 -86 17 4 97 -52 -6 -19 57 -44 -61 35 55 8 -20 84 54 -63 75 25 -30 84 74 30 89 44 -72 -68
-52 32 -97 -9 67 26 96 -70 3 66 -94 12 -73 -96 55 43 -89 19 75 86 91 -47 27 46 44 58 1 -1 -83 85 -73 -7 -82 -34 -12 7 -44 87 82 60 -65 80 3 -46 -1 68 19 -12 -22 -69 -91 61 86 66 -62 47 -81 -96 -84 -70 84 27 -10 -24 -83 -53 90 -9 -64 6 -76 45 -84 33 21 -62 32 -98 56 -61 -70 2 -30 77 -64 69 -43 -3 -64 99 73 71 19 -8 -48 89 86 -79 55 -11
5 -94 8 -82 0 -88 69 -23 -1 54 -1 49 -67 -74 -97 -32 41 -25 19 -81 62 26 -58 31 -29 35 81 -59 -31 -1 -43 -90 37 -100 -73 -58 -23 -60 12 59 56 27 -90 -69 49 92 54 -93 -44 49 63 54 48 56 -21 -72 -28 -4 -44 -27 41 13 35 16 91 68 41 -10 -91 92 -15 -24 -1 -59 -10 -97 -1 -86 -45 -33 94 -13 74 -63 11 -67 -35 45 -21 14 68 -20 -34 100 -49 72 0 -66 33 -65
11 51 52 32 24 52 -33 74 -30 41 53 82 77 -72 -52 -13 -69 -79 55 -35 -84 -18 43 -12 43 83 -17 97 63 -55 -36 -95 -82 -22 46 -99 -93 44 -36 97 71 89 -40 0 64 -3 26 8 -72 -96 -17 45 -62 16 54 99 74 56 -8 -48 -2 83 48 58 75 60 -39 47 63 -9 90 35 1 -9 23 -51 -76 -54 -58 -65 -61 -30 -32 -26 60 -71 74 45 73 -81 -16 84 76 85 57 34 -64 -22 -44 -1
-26 17 33 -83 37 -73 90 49 61 54 -5 -25 38 -81 -20 1 -39 -19 -95 45 15 30 16 8 29 82 22 -35 -13 -23 48 62 8 -86 -60 16 -74 -28 92 -49 -87 63 48 63 0 -73 -86 40 -40 82 51 -62 -54 -77 58 -79 -48 77 89 -99 -81 -37 -89 -28 -41 13 -54 29 45 75 -73 -75 81 -9 62 -30 -31 -56 -35 -17 -96 56 31 71 57 -78 -35 73 -71 -59 76 -86 54 -14 -56 95 -50 -97 -26 -54
-72 -76 -2 -20 58 86 -77 56 -63 -52 -61 62 81 1 -83 -29 16 -28 97 -56 4 -66 87 -86 40 29 -50 94 56 -14 -55 -26 90 -2 -84 -97 58 -35 19 70 -3 -24 -23 -5 -70 -79 97 47 14 18 -87 -46 -93 95 25 -78 63 4 3 -17 -11 67 35 1 84 0 87 21 -63 -43 51 22 -98 35 -98 25 76 10 -55 20 81 33 -89 70 80 -49 21 81 -67 -21 -13 -20 -44 90 -20 5 18 -88 -14 -98
-90 -59 -34 -77 -38 18 -1 -76 100 -42 30 6 76 -42 -96 94 -83 14 78 54 -71 -26 -67 14 32 -33 25 52 91 38 36 -68 4 100 99 -67 -9 -77 -19 82 -54 -74 -27 -3 -18 -28 -32 57 85 87 74 2 -78 33 44 -67 -99 25 16 18 -19 -78 -34 22 36 3 44 30 -85 72 -76 64 92 -23 -62 -73 30 72 -15 -43 -66 -99 28 2 58 -99 83 -99 -36 70 65 64 31 -32 -28 -37 16 -94 -14 -30
8 60 -13 -73 96 65 71 -100 -48 -97 2 42 -31 -36 45 -54 -69 -3 27 25 35 -40 -32 -86 -43 100 -30 58 95 15 17 47 -39 -72 6 56 69 22 -6 16 25 34 70 -39 38 16 -61 84 38 -38 -89 3 -23 68 -57 16 -24 89 0 -79 -42 11 -53 10 -46 66 -72 -64 -45 35 -80 -42 -61 79 -21 17 51 29 -34 17 -5 96 -71 -13 -42 63 -1 -20 76 70 42 -11 -49 44 -59 -60 89 -21 0 -4
26 -68 82 -63 36 -97 79 -26 -46 20 -31 46 94 74 -46 35 69 -92 47 68 28 -49 -39 -48 26 11 92 -76 -25 -94 -8 -15 -31 36 -38 46 18 -57 -76 -21 -55 51 13 22 43 71 77 -35 55 44 -81 68 -25 -12 12 70 -32 83 12 49 91 96 46 45 -21 -70 71 8 -95 -43 52 -94 97 96 90 8 -44 24 91 -73 -81 64 -85 97 55 -12 -30 29 -43 25 34 -4 37 -91 -48 81 -58 81 32 55
84 -22 -68 1 -94 22 -23 -12 -71 -58 1 -53 -38 -51 -54 -76 -5 -90 3 -3 13 46 -27 -90 49 -33 -67 -60 -43 51 -58 -56 71 19 64 75 -62 -24 40 78 -52 -27 -98 -94 -71 -64 -63 -50 82 -70 60 -27 -89 100 -80 -58 -60 31 48 -76 -83 -84 -38 1 -80 68 -24 54 -12 -43 65 8 -96 -24 95 87 -60 -17 0 13 -15 91 42 24 -19 2 -94 -64 95 -46 23 -28 89 17 45 16 -15 -81 -40 51
-17 25 31 -41 70 -25 22 -77 -63 -100 -90 97 -30 33 92 -14 -78 -95 -5 71 96 -24 -59 49 -93 76 -28 36 -48 35 -34 6 17 -9 -23 60 -100 -9 -100 -75 43 -44 55 -79 -100 -86 7 65 -81 -48 27 38 94 -83 28 -96 50 5 88 34 -2 -90 -40 42 70 -77 58 90 75 -23 -16 -71 -56 -4 32 -60 -96 18 29 35 -93 15 -99 -88 88 -78 -76 -84 83 21 -74 16 33 -34 36 98 -28 91 69 16
49 35 26 -37 -89 -53 -60 74 -9 4 -18 -26 16 -30 -58 47 20 -11 29 -63 1 25 25 66 -92 51 -28 -50 46 -12 -97 -2 43 -1 -25 -94 -96 -32 81 36 66 50 42 65 -74 66 1 18 64 64 -71 86 11 -33 -53 93 87 0 8 -62 -81 -77 59 -63 -80 22 42 53 31 82 -62 89 -45 -63 8 -86 -16 70 -56 58 62 -48 55 82 -79 49 12 -30 -80 -74 26 -50 2 -11 -53 8 -20 78 -15 9
80 49 -20 24 16 -40 -17 -77 59 76 -14 49 72 -96 -70 47 21 32 -82 -18 4 -3 88 -43 -78 -37 -64 79 -9 -52 62 -24 -50 -87 77 -52 44 15 0 19 30 65 -30 44 83 23 -63 11 -94 28 52 -8 48 -96 -94 15 -83 48 -48 57 -25 -81 83 18 24 27 46 -88 78 -1 -81 13 87 69 -34 -18 10 33 -63 68 -81 -66 56 31 -73 43 14 14 51 92 -50 -42 -39 -51 -13 -90 -7 22 26 -96
-78 92 26 -69 68 18 -92 17 11 -52 -52 -77 18 -24 86 -71 54 -95 -59 41 22 -90 -59 40 26 54 -63 88 -1 5 -46 -9 74 80 28 94 -8 15 34 80 -64 28 -61 -34 -28 -76 -39 79 6 -15 -57 88 -10 1 -27 -38 -46 -7 -49 -85 63 61 -46 -11 -78 -79 -33 40 -76 -90 -89 -25 31 -73 28 -28 -10 -3 76 -24 60 -91 -5 -71 -100 -27 -17 70 98 35 12 26 -93 -44 21 -70 -70 -44 -67 64
34 1 26 17 50 92 -93 -18 -12 23 -34 -11 63 66 -91 10 -4 -90 -27 -5 -95 -30 59 -45 1 61 -6 29 -31 13 42 68 -85 -44 72 -51 27 -99 24 -23 19 45 95 96 70 68 13 -45 -63 -51 14 -40 -27 32 -99 -76 -18 -35 9 -39 82 -28 51 -48 94 40 36 -73 -11 -27 40 -69 -77 -35 76 -12 -21 -34 -79 -61 -70 66 -50 -91 21 10 92 -89 -29 -59 47 19 -8 -94 -54 -9 7 52 56 -68
82 -98 32 -78 -42 84 20 78 -90 16 48 55 -51 -31 -13 -75 34 -93 60 -35 -40 -1 53 68 71 -25 -26 76 -55 92 7 -95 38 19 -54 -44 54 17 -41 34 -29 29 49 -99 -99 73 -72 69 45 42 -28 -87 44 -56 -63 62 -76 33 28 70 -13 51 -45 -70 25 15 86 28 -27 -37 -31 93 30 41 -57 95 73 94 76 24 11 -77 -25 -66 91 -55 -35 87 -34 96 -9 -6 -87 59 -79 -14 -84 -65 52 24
-86 36 5 32 26 -57 -49 -36 -62 -23 -70 4 67 -61 -50 72 -41 -56 -86 38 -81 -54 -49 -73 81 50 -61 26 48 -13 36 -5 -49 56 38 -58 65 -21 76 -93 53 -82 81 -70 17 -81 28 4 -41 35 -66 -55 -18 2 41 -65 -73 -34 97 -80 88 66 87 89 -72 69 42 -11 38 10 6 56 -54 -54 55 -42 3 31 63 13 51 -96 61 -37 -15 -18 85 -43 43 -64 46 -91 9 12 -78 -73 64 58 -22 69
-65 -57 -17 75 47 -54 -22 -72 -85 -69 8 0 20 -59 -76 9 25 -53 95 74 -72 -77 -27 28 -60 98 -5 -15 -80 -17 47 4 -48 -51 -86 16 -76 -55 -2 -16 30 15 33 43 12 88 -41 -40 -94 4 65 -18 -28 -44 85 -33 56 55 80 -1 -13 79 60 15 85 -16 48 -92 86 -16 -54 -69 -13 61 -82 14 30 79 -77 90 -83 -40 48 -68 56 63 81 -77 46 -56 36 21 -80 51 40 -23 -53 28 5 96
78 -31 16 31 -38 53 73 89 -8 -8 -11 38 -33 -75 8 -29 -82 -32 -16 -45 -93 -71 -62 29 39 46 -34 59 -56 14 94 -69 -59 -21 73 0 -37 -62 100 83 -11 -100 -14 91 -20 45 5 90 -46 -38 93 67 -15 7 64 17 43 42 -6 -43 -4 -29 -89 -21 58 -91 -92 -15 15 -51 83 59 45 -44 41 53 97 99 -35 -42 18 -98 -53 5 -54 -44 -66 -84 -63 3 12 -79 98 -42 12 0 -83 -45 -52 55
-38 38 5 -70 -44 4 -82 46 58 -54 92 -4 -19 90 -27 -72 -50 10 23 -53 79 10 -53 -51 -18 13 11 98 -11 -36 68 -44 63 100 -49 -6 80 -91 -32 84 51 -88 81 -68 3 -2 -30 4 -22 54 16 52 -25 12 -19 100 -90 -44 51 -59 79 -74 89 88 -42 -8 29 -12 -36 -97 -18 -61 98 -32 15 88 25 -23 -38 -60 5 -45 83 -67 -12 24 -72 -65 -60 -6 -27 73 78 -27 -53 76 30 23 -95 63
-61 56 69 -4 -98 -39 -52 40 -25 2 97 -62 -48 -55 -80 60 65 -40 -6 56 -84 -58 43 79 -82 -75 -86 -30 -84 -18 11 -25 56 7 -87 56 -61 -74 23 -79 43 -73 -86 5 -57 75 92 28 18 3 43 -96 3 -49 56 -81 -31 -17 -74 -21 -33 77 -45 89 -64 -4 -84 51 87 -79 72 41 61 95 -39 -10 -51 54 -39 -18 -91 -9 3 5 62 -80 -18 -72 -41 95 -36 9 21 85 18 -56 -42 47 -81 -15
-23 -7 3 85 33 -82 63 -51 -57 100 -56 75 -58 21 -93 0 33 -23 -15 -96 -87 -15 -54 -23 40 28 40 95 -93 -96 48 -56 56 -9 -62 99 23 20 94 9 -65 4 -75 -31 59 -53 -80 -68 89 63 6 17 -60 90 39 60 -1 1 9 -58 53 3 -77 27 -93 -18 -42 -56 84 96 -80 73 -30 96 37 84 53 52 -12 -99 -56 -28 56 37 61 37 -44 -1 27 57 4 31 -30 24 25 -56 21 -63 13 -29
-52 62 7 42 -91 58 -30 36 82 -95 36 -73 21 96 57 78 33 -83 -79 15 -3 89 48 47 -63 55 -73 53 -59 -55 4 -60 -65 -69 -37 -78 37 87 72 23 -42 67 67 -63 -61 -40 -4 -20 89 6 -9 89 3 2 86 91 -28 -5 -83 -36 54 49 -58 84 95 -68 10 83 83 62 -93 -79 -99 0 52 34 -62 1 49 41 77 -68 91 -10 1 -1 -30 -63 -84 83 -27 60 20 87 -86 33 35 -94 -7 -41
93 -35 -79 -1 11 31 96 60 -21 29 -85 69 -49 -86 95 16 7 -20 91 40 -73 62 16 28 -42 37 20 26 -92 34 88 -55 -74 -61 -22 18 -27 87 24 41 -94 90 -88 -64 36 -90 -87 10 73 38 57 -63 25 -75 13 35 35 -50 -85 84 -57 79 40 27 -61 88 94 -46 -43 -53 -30 -65 100 87 78 -40 4 -30 10 -22 -38 46 -8 -66 66 -41 -71 -16 -39 -52 26 55 -27 94 -45 -90 -77 -64 45 -51
14 89 97 -99 36 -69 -65 -81 85 -45 70 -20 -89 -92 -30 85 -32 -5 97 11 98 -17 50 -32 -68 -7 2 56 -95 18 10 32 -17 -40 -2 63 -54 -69 60 -73 6 -10 73 8 77 -79 98 52 31 -42 14 -46 -73 49 -94 -4 -21 47 -64 -42 -5 29 -18 58 70 -69 6 -47 -19 84 -15 -74 23 74 -41 -47 11 -35 -65 -87 -37 -2 27 66 64 -47 45 65 -86 -45 76 -84 100 12 18 48 -65 60 78 15
-61 -7 -75 73 -5 -89 47 71 89 -73 1 -15 -31 64 -44 68 -80 -10 96 -90 49 -56 20 21 -98 94 32 -13 -68 55 72 -57 30 -36 64 -21 76 -14 83 -26 -75 53 -23 -100 -31 92 41 0 -33 86 17 1 2 28 76 -41 -79 34 -7 -68 37 -77 71 -53 97 -65 52 -91 100 61 86 43 -55 15 20 -48 98 95 55 9 28 -44 1 56 -18 52 88 -73 -70 -45 3 37 31 24 94 -22 21 74 27 -93
-40 89 -65 -27 -5 -53 13 -61 -84 -46 -40 93 -41 84 -92 91 -70 56 32 -100 98 -76 -20 -50 30 62 -43 -37 21 40 -77 -77 56 -23 -59 -65 -94 -96 9 -45 -21 -53 -19 -69 68 89 41 -14 -71 29 -95 -97 -3 28 79 -7 -20 67 22 59 -36 -44 -98 9 41 -66 -17 -77 -83 2 89 14 17 -34 -37 58 -91 -20 78 -85 -50 73 79 -53 -57 24 62 -9 99 81 59 28 77 -91 42 50 -55 -94 -81 -59
-20 -84 85 -9 28 -58 25 51 -41 -89 69 -98 -66 89 55 59 -17 41 14 -24 -95 79 -3 -83 -36 -52 33 -81 9 98 32 -40 -40 -17 41 5 77 70 -23 16 -71 97 -7 -17 71 51 58 -7 -84 -70 45 -71 -8 62 -68 6 -60 -20 -22 80 -1 24 99 2 -27 -71 2 42 3 -35 -42 0 -21 -88 44 -4 22 100 -19 -19 92 18 7 -20 15 -18 38 51 34 -59 -66 82 -86 -11 66 77 -22 53 90 -69
71 98 -87 6 -46 70 92 19 19 89 100 -55 41 -50 -93 -40 -58 -61 87 49 -8 89 66 15 100 -79 -98 88 12 -97 -27 86 -45 78 72 80 68 -63 -3 40 -58 -23 56 -39 87 -51 60 -85 -16 96 12 75 -42 -44 82 78 -32 80 53 29 -13 -5 78 -48 56 -22 52 -53 -30 26 22 87 29 -63 47 2 24 -18 7 74 61 -75 90 12 -97 90 -67 -2 -49 87 -34 -89 -82 -97 -60 76 19 34 5 82
-63 41 30 27 51 -85 -66 -17 -93 -67 89 -72 26 -78 25 25 37 2 14 -24 42 -84 34 -79 13 -92 -69 91 -38 -19 -11 22 -66 -64 -13 -39 -89 -40 59 -53 -57 -69 -41 -75 63 48 -24 -96 -90 -16 -17 -62 -8 -99 -86 -25 -14 -20 -5 43 -41 -22 25 29 -49 -80 -8 -94 25 -54 87 -3 -2 1 -53 -72 -67 -61 87 37 36 72 -22 -61 46 20 -44 58 -58 44 -96 1 -6 -76 -43 62 24 -88 75 -63
88 -17 -34 95 25 -80 38 88 -11 36 29 -49 25 -9 85 58 -47 -78 -21 88 -76 -24 40 -55 -37 -18 59 -15 23 -69 -9 69 13 12 -77 12 -38 -85 -31 1 2 -30 12 -9 -83 -32 -16 -60 78 -85 -4 -44 -99 -39 22 50 -69 76 6 47 -9 49 67 -77 -88 79 54 -70 23 -17 -79 -53 12 49 49 -65 -77 -95 95 89 48 -42 57 -8 -3 4 8 -79 -91 -2 -43 8 9 -59 46 4 34 -74 21 -71
-59 -68 50 69 -72 89 99 -74 -33 16 -48 55 80 10 -89 94 29 -66 -19 -14 -45 50 70 -12 -67 -34 -17 -71 66 -48 45 90 66 -39 -72 32 92 100 46 62 43 95 0 72 -92 7 36 -42 -81 -52 -56 -100 8 -98 -91 -5 -96 -47 14 -84 1 52 -91 2 -79 45 -95 -97 -57 44 -42 -86 -36 12 94 52 -67 -51 -66 63 22 99 41 57 -17 -56 20 10 93 -75 7 -17 -17 -63 -38 -13 37 -7 -26 63
48 -83 -54 67 -51 -65 -3 15 -10 92 26 -31 -47 -94 -16 2 -47 -19 2 -34 34 2 -98 -76 -38 -68 -8 -79 -58 -13 -95 -74 -89 69 78 25 -93 -64 1 -92 3 -24 -20 -77 53 -22 13 62 31 81 -1 49 63 -56 100 -82 -14 -13 100 41 6 -40 -44 16 74 37 -21 -94 -73 -94 82 81 -40 53 33 -73 0 -94 27 12 97 -4 34 -34 65 81 8 -46 -31 -75 94 28 5 2 50 58 -72 -53 9 90
68 -57 83 -36 82 -34 -82 -18 28 35 -1 84 -80 -52 73 77 -66 12 -35 -74 57 -72 26 89 68 6 -86 -84 93 -97 -11 -74 50 16 16 37 -11 -26 -26 30 -51 28 -40 -54 -62 -2 -50 59 92 63 -87 -40 -88 -79 43 48 -18 -70 64 -89 -44 43 100 -59 99 -40 -2 58 -43 -84 14 3 -86 -59 14 47 30 -87 51 -2 -21 -35 -71 91 -29 27 82 57 -26 34 -82 6 -78 -88 60 -10 -3 85 -89 -33
-74 94 -52 -43 7 90 7 -64 82 43 52 97 55 70 -62 94 -62 61 18 -51 -71 -76 -67 11 -9 80 -78 8 -99 -7 15 -95 -35 30 17 35 -27 5 24 22 -10 -96 -55 73 35 93 -65 29 20 -15 44 -68 72 -60 50 39 -35 -47 58 -21 51 -22 16 -14 -54 -89 -89 89 3 -97 -74 30 -83 87 -46 -53 80 -22 -6 -1 -8 92 -99 46 -8 -41 35 38 70 23 55 -25 -76 -22 -66 -53 -17 -90 97 18
-58 77 -38 55 28 21 -77 83 47 75 16 16 0 -26 -68 36 -98 -97 13 77 -85 34 -81 65 8 94 -13 99 -93 64 2 59 8 65 -4 -91 -1 -38 21 86 -30 -80 71 29 -100 -96 -8 -2 -1 38 -23 -96 46 60 27 25 -91 66 1 -71 23 5 1 4 -26 3 -48 13 -70 16 7 -79 -10 -96 55 92 -53 -94 -61 -24 17 -5 -75 -100 -40 -86 -83 64 52 -79 -53 -39 24 31 -37 48 17 -79 -85 -75
-81 -56 35 37 67 55 -8 82 -96 -41 78 -49 47 -84 54 55 99 19 -24 -69 47 -66 31 -65 40 0 68 -12 -78 50 70 -22 32 8 -70 23 66 -63 -55 -78 79 -16 -99 -60 -80 78 98 -73 26 62 11 -45 -98 -61 32 -10 64 92 -26 98 12 -49 23 -1 91 28 -69 -90 -54 47 -43 40 37 83 54 48 -13 -73 72 39 -81 37 4 5 -93 -98 -17 36 -37 87 -45 -48 51 40 -38 -82 -11 -24 86 -2
-73 60 -97 -56 18 -85 45 -16 -7 -40 -59 -74 -48 -51 -62 69 -2 -82 -22 -5 64 -85 67 -47 -36 -5 62 4 18 -100 -9 -29 -99 -89 96 75 78 55 7 48 -47 61 -22 -69 -61 69 77 -18 77 76 21 72 17 92 0 43 -72 37 35 -32 76 34 35 16 -34 63 6 -4 -95 30 59 -45 29 77 64 -43 -74 -45 -23 -16 -77 -80 25 -14 85 78 -85 89 -9 85 -69 16 53 -33 72 55 15 82 91 98
80 -21 -46 55 -79 73 62 53 84 22 6 27 52 62 48 75 -1 27 -55 94 -78 -96 88 -6 17 -12 33 -92 -40 76 -19 -22 43 20 46 -91 41 -27 -51 1 -83 90 76 35 -13 91 79 74 -3 -7 -41 67 -2 -39 -96 -97 -62 69 38 -70 -93 53 72 10 81 -15 -38 22 -58 -67 -23 13 85 57 -53 -68 -97 -24 -42 -89 5 -48 78 89 -65 -18 -10 -99 -55 69 12 54 -33 19 -80 -48 66 -30 -60 3
-35 -79 63 -95 57 53 18 67 -41 47 87 -40 -43 28 -24 -29 89 -64 42 36 55 -84 82 83 77 -5 -55 59 -92 -17 -62 -9 -36 53 -65 -53 -53 -25 35 100 -81 -14 84 5 -57 88 13 -54 -89 -6 75 -46 -17 26 54 54 60 93 -26 34 -68 7 60 -64 -78 -40 -79 45 -21 92 86 35 -46 95 83 87 -72 -20 -30 77 76 -12 -87 -59 -94 56 -81 -97 -3 -40 3 -16 -63 53 -39 53 -52 -8 73 52
-5 81 43 92 76 66 88 61 84 -42 12 -100 37 -85 -43 58 -14 34 -22 -40 1 0 33 -31 71 -66 9 82 76 87 37 23 -13 75 -100 36 -91 -49 -14 29 -8 -81 -21 7 22 -32 -27 18 29 -46 -2 -41 23 -94 80 -90 -77 35 96 -48 -29 36 3 -9 45 -92 -3 11 -72 22 -83 57 -9 62 -37 41 -92 -81 -97 30 -24 -27 -61 -55 -56 -6 66 -11 -83 95 81 -18 -17 58 -20 -67 -76 24 17 -21
-68 -16 -67 7 -20 -61 -81 48 3 27 -40 -69 -33 52 -39 -78 45 -75 -78 -96 -62 16 27 -13 96 -35 -93 13 -24 -91 -39 18 -9 100 -31 45 98 -35 53 37 -43 -81 -97 43 38 -54 64 -43 51 15 23 25 -48 -83 14 -19 -58 57 32 83 1 45 -17 -22 85 26 -74 62 -75 23 45 -35 -38 73 17 7 7 -1 32 -15 27 -16 -6 88 -35 45 61 83 76 -84 41 -50 -77 -79 -88 97 63 37 33 54
-33 25 21 99 13 -45 95 -21 100 -87 15 -56 19 -86 -78 26 -52 44 -37 49 69 -73 -78 -65 -12 72 -11 -8 -10 45 -25 -26 25 -18 86 61 63 -34 -23 45 -63 59 -24 37 -97 -67 8 29 67 -27 -21 63 -89 -90 72 -32 -65 -64 -73 -32 -62 10 75 76 -91 -6 -18 -86 60 48 79 29 -1 66 -87 -79 41 79 -32 52 -23 -77 81 7 -37 -11 13 55 88 -16 51 -58 19 35 66 97 -7 -64 -25 60
43 -23 30 93 -67 42 -30 17 -51 -81 -9 -68 54 89 -12 -92 55 -6 62 60 -87 59 -73 98 35 71 10 5 73 -91 -15 100 5 -81 42 -54 -44 31 25 -69 74 -39 -3 -71 -49 -34 64 90 100 42 -60 -32 -5 57 -86 30 -41 43 11 57 60 -14 -42 53 -16 13 -52 -79 -8 -46 -63 56 78 -36 -39 7 50 5 -46 83 50 76 -75 34 -38 -60 6 60 56 -11 -6 -13 31 72 -61 66 71 89 -9 -1
26 -90 -2 62 -10 37 34 73 -96 -99 -100 -79 33 40 56 9 -88 26 100 -11 -24 -33 19 98 72 51 65 -42 -99 38 38 97 -91 91 -65 70 -46 9 -34 -22 65 -33 -72 27 -84 72 73 77 98 -90 -23 -8 20 88 47 66 56 -16 54 -100 42 -30 -43 -10 -11 34 -38 -81 -50 46 8 -44 -47 97 34 -34 95 77 15 7 -96 -98 43 -66 53 1 -42 67 -1 18 55 13 -64 -10 56 -3 -22 33 -16 63
-67 67 -58 5 36 -43 -47 21 -82 70 100 42 7 -7 -78 10 -87 80 -58 -94 95 -53 44 44 74 -55 -84 -40 -60 -2 46 61 -55 -10 -60 -52 -99 -61 -22 -82 41 -56 56 -88 67 -57 83 -62 -30 50 22 96 78 -58 -21 2 -10 42 2 -12 -33 87 -34 64 65 96 -12 61 -36 56 43 33 93 29 12 58 -97 -46 54 -57 10 -53 53 -65 95 -60 53 74 -59 -47 -68 -22 -13 18 -7 28 -77 -24 -23 75
-62 -91 0 45 56 -56 68 28 -44 6 80 47 48 43 -27 52 -41 -24 25 -46 -54 -88 -70 -18 94 99 0 37 92 38 -3 -22 59 47 65 -47 -49 -14 10 57 -1 -85 -48 -74 -4 20 -41 11 74 24 78 -53 95 2 88 74 -88 20 75 -13 14 76 -1 -26 44 79 -4 -6 -80 -9 -76 -42 -57 -14 83 -71 86 74 -37 -75 -14 16 -6 19 -48 74 -72 53 36 -61 27 -71 44 35 56 2 54 2 20 17
36 26 63 30 -7 64 71 78 0 82 -63 -16 24 -31 98 59 -17 33 14 -20 -69 82 45 -54 89 12 -24 -35 59 67 -72 -14 8 31 48 -22 93 6 -31 -29 -85 65 88 81 -75 21 17 85 -55 -18 -99 -18 -99 -36 -28 60 18 69 -67 -85 51 38 44 -39 46 -14 -3 99 -53 73 -16 37 37 87 75 -31 12 88 -14 -39 88 -98 -54 22 -83 52 -19 19 -68 5 41 28 25 -15 77 26 -9 53 67 -47
42 -84 -93 74 -94 87 -40 -93 84 -10 29 -61 71 60 31 41 3 -42 -35 -92 -21 -3 -36 2 -21 59 -77 -16 -72 -13 56 -21 61 68 -37 -42 19 23 14 15 -83 -27 -82 -58 86 -21 -49 67 -54 -12 -33 41 33 1 -38 67 93 2 -45 0 -44 -48 38 49 -88 30 64 -97 100 2 24 29 88 -52 82 24 -10 -9 -95 62 76 -13 89 41 -83 -74 -4 -33 -67 87 80 -83 62 47 -27 87 12 -64 99 90
-72 41 -98 -20 -51 -34 -5 51 6 19 -54 -49 -80 -83 -7 82 30 -35 35 -100 -56 -92 -76 43 -39 30 56 99 -63 20 -45 -57 -1 26 -13 -20 -89 67 68 -23 -64 -30 -23 -17 97 -53 -6 58 -40 76 23 -31 -97 35 -54 70 54 56 -93 18 -8 31 48 87 99 4 93 13 44 -15 -78 32 39 -54 -21 -45 65 -14 -72 39 -59 2 60 -23 21 47 6 3 32 48 -25 7 -52 22 78 -22 41 12 -68 -88
-99 -74 3 -17 -57 64 85 92 82 -13 32 99 58 -69 -99 1 -34 13 -37 48 -83 -20 -5 -2 23 30 18 -43 48 25 35 5 69 -2 -38 100 -29 -67 68 82 42 55 81 91 -60 48 5 63 -58 34 -12 95 25 -80 53 94 -44 -24 -82 25 8 10 22 60 34 72 11 65 85 -83 -38 8 -40 74 57 62 39 -87 -9 61 91 -90 59 -88 70 29 0 46 37 19 -67 40 48 -77 -31 27 -10 56 32 -36
31 -36 -60 -5 74 -95 -12 10 74 -61 88 61 38 14 -24 85 -10 -100 -80 98 3 16 -49 -23 59 -79 -34 -16 9 24 -80 -80 -18 -62 50 85 -81 -41 -79 -75 -26 11 -45 51 -46 76 -51 -100 86 -85 -74 55 13 -33 11 -58 -62 75 -35 -96 -69 -65 -10 21 50 -42 9 -88 23 -37 -75 -3 63 65 29 -97 -100 -67 -57 9 95 -68 6 6 48 -38 -6 85 -12 -93 -40 11 -38 -17 69 51 -77 -6 -65 -87
